,Esophageal reflux,Prim cardiomyopathy NEC,Hyperlipidemia NEC/NOS,Septic shock,Hypertension NOS,Acidosis,Ac posthemorrhag anemia,Hyperosmolality,Asthma NOS,Hyp kid NOS w cr kid V,Urin tract infection NOS,End stage renal disease,Hypotension NOS,Chronic kidney dis NOS,DMII wo cmp nt st uncntr,Aortocoronary bypass,Neuropathy in diabetes,CHF NOS,Long-term use of insulin,Hypothyroidism NOS,NB obsrv suspct infect,Hx-ven thrombosis/embols,Chr pulmon heart dis NEC,Pleural effusion NOS,Chr airway obstruct NEC,Thrombocytopenia NOS,Septicemia NOS,Acute respiratry failure,Status-post ptca,Acute kidney failure NOS,Mitral valve disorder,Anemia in chr kidney dis,Hy kid NOS w cr kid I-IV,Crnry athrscl natve vssl,Pure hypercholesterolem,Severe sepsis,Need prphyl vc vrl hepat,Tobacco use disorder,Depressive disorder NEC,Atrial fibrillation,Obstructive sleep apnea, initial,Hyperpotassemia,History of tobacco use,Subendo infarct,Pneumonia,Anemia NOS,Hyposmolality,Old myocardial infarct,Long-term use anticoagul, organism NOS,Food/vomit pneumonitis
Esophageal reflux,7585.0,16.0,693.0,7.0,1083.0,71.0,97.0,36.0,200.0,11.0,104.0,6.0,49.0,94.0,324.0,64.0,54.0,179.0,67.0,344.0,40.0,35.0,74.0,46.0,138.0,62.0,15.0,55.0,65.0,67.0,66.0,36.0,73.0,261.0,377.0,53.0,42.0,97.0,164.0,250.0,141.0,3.0,41.0,51.0,0.0,0.0,230.0,36.0,94.0,78.0,47.0,36.0
Prim cardiomyopathy NEC,25.0,3272.0,22.0,21.0,70.0,40.0,29.0,17.0,7.0,62.0,58.0,44.0,1.0,17.0,18.0,9.0,1.0,255.0,12.0,24.0,17.0,5.0,10.0,34.0,31.0,20.0,16.0,86.0,12.0,188.0,43.0,8.0,6.0,38.0,12.0,12.0,17.0,21.0,20.0,99.0,8.0,31.0,9.0,28.0,0.0,0.0,29.0,43.0,11.0,26.0,68.0,27.0
Hyperlipidemia NEC/NOS,349.0,17.0,8287.0,3.0,3100.0,37.0,78.0,15.0,87.0,24.0,66.0,13.0,54.0,230.0,633.0,112.0,86.0,247.0,153.0,287.0,15.0,33.0,75.0,32.0,147.0,72.0,5.0,29.0,137.0,52.0,90.0,67.0,210.0,550.0,48.0,45.0,14.0,118.0,93.0,416.0,142.0,9.0,61.0,49.0,0.0,0.0,185.0,35.0,172.0,126.0,24.0,11.0
Septic shock,23.0,5.0,29.0,3074.0,49.0,26.0,15.0,18.0,8.0,9.0,38.0,26.0,8.0,4.0,16.0,13.0,6.0,35.0,15.0,6.0,20.0,4.0,3.0,9.0,11.0,22.0,693.0,409.0,9.0,140.0,6.0,6.0,5.0,9.0,16.0,521.0,19.0,24.0,23.0,29.0,8.0,25.0,8.0,15.0,0.0,0.0,18.0,11.0,4.0,18.0,96.0,56.0
Hypertension NOS,623.0,91.0,1047.0,25.0,16597.0,343.0,536.0,217.0,261.0,12.0,710.0,6.0,215.0,69.0,2073.0,310.0,201.0,1025.0,254.0,505.0,139.0,81.0,195.0,271.0,572.0,292.0,58.0,304.0,299.0,401.0,315.0,31.0,29.0,2234.0,896.0,377.0,199.0,302.0,246.0,1863.0,252.0,63.0,148.0,161.0,0.0,0.0,560.0,304.0,340.0,409.0,273.0,192.0
Acidosis,50.0,59.0,47.0,165.0,114.0,5412.0,199.0,138.0,12.0,117.0,295.0,54.0,22.0,31.0,36.0,13.0,3.0,169.0,26.0,26.0,44.0,11.0,12.0,111.0,56.0,75.0,76.0,442.0,21.0,765.0,39.0,10.0,7.0,78.0,28.0,74.0,44.0,41.0,31.0,127.0,8.0,53.0,79.0,38.0,0.0,0.0,66.0,183.0,19.0,29.0,196.0,177.0
Ac posthemorrhag anemia,106.0,38.0,114.0,32.0,247.0,155.0,4101.0,80.0,51.0,95.0,220.0,59.0,41.0,49.0,91.0,48.0,19.0,199.0,39.0,70.0,63.0,23.0,24.0,100.0,69.0,115.0,42.0,209.0,41.0,414.0,48.0,15.0,25.0,140.0,74.0,40.0,119.0,83.0,88.0,198.0,27.0,113.0,31.0,87.0,0.0,0.0,104.0,115.0,35.0,91.0,130.0,108.0
Hyperosmolality,18.0,24.0,17.0,60.0,34.0,173.0,107.0,2572.0,2.0,28.0,245.0,14.0,5.0,15.0,11.0,9.0,3.0,90.0,7.0,8.0,9.0,3.0,8.0,68.0,27.0,37.0,18.0,203.0,1.0,417.0,13.0,1.0,3.0,13.0,12.0,33.0,23.0,21.0,14.0,79.0,6.0,32.0,16.0,15.0,0.0,0.0,32.0,38.0,4.0,12.0,103.0,141.0
Asthma NOS,155.0,10.0,131.0,2.0,327.0,41.0,48.0,11.0,2798.0,10.0,38.0,3.0,19.0,22.0,114.0,17.0,22.0,69.0,38.0,101.0,15.0,13.0,20.0,31.0,1.0,29.0,4.0,35.0,12.0,39.0,33.0,16.0,22.0,90.0,81.0,31.0,24.0,44.0,65.0,90.0,68.0,2.0,23.0,20.0,0.0,0.0,70.0,32.0,23.0,24.0,31.0,13.0
Hyp kid NOS w cr kid V,13.0,32.0,14.0,57.0,43.0,68.0,72.0,16.0,5.0,6914.0,90.0,682.0,8.0,9.0,23.0,16.0,9.0,213.0,19.0,16.0,25.0,13.0,11.0,34.0,35.0,21.0,35.0,100.0,10.0,263.0,35.0,28.0,1.0,47.0,16.0,37.0,38.0,12.0,18.0,110.0,4.0,39.0,45.0,15.0,0.0,0.0,22.0,27.0,13.0,12.0,99.0,46.0
Urin tract infection NOS,111.0,69.0,93.0,204.0,252.0,231.0,260.0,137.0,40.0,110.0,8073.0,71.0,34.0,67.0,88.0,44.0,11.0,340.0,44.0,79.0,97.0,43.0,29.0,174.0,118.0,74.0,164.0,410.0,36.0,741.0,72.0,10.0,22.0,160.0,92.0,101.0,93.0,87.0,62.0,369.0,23.0,145.0,56.0,85.0,0.0,0.0,120.0,175.0,36.0,62.0,309.0,278.0
End stage renal disease,39.0,5.0,49.0,55.0,50.0,24.0,20.0,6.0,17.0,401.0,29.0,7958.0,17.0,6.0,28.0,14.0,18.0,82.0,29.0,28.0,14.0,28.0,12.0,15.0,16.0,28.0,43.0,86.0,11.0,45.0,19.0,85.0,10.0,62.0,25.0,11.0,19.0,26.0,33.0,40.0,14.0,59.0,66.0,30.0,0.0,0.0,40.0,7.0,15.0,43.0,71.0,24.0
Hypotension NOS,50.0,26.0,73.0,5.0,142.0,81.0,79.0,38.0,20.0,17.0,71.0,14.0,2854.0,28.0,72.0,16.0,15.0,126.0,18.0,48.0,23.0,18.0,32.0,39.0,52.0,57.0,15.0,42.0,7.0,68.0,16.0,10.0,22.0,72.0,40.0,49.0,21.0,31.0,49.0,131.0,20.0,3.0,34.0,37.0,0.0,0.0,74.0,45.0,16.0,32.0,31.0,19.0
Chronic kidney dis NOS,34.0,22.0,73.0,15.0,23.0,50.0,53.0,23.0,8.0,27.0,53.0,0.0,16.0,4147.0,83.0,26.0,23.0,279.0,18.0,35.0,13.0,4.0,28.0,23.0,63.0,42.0,7.0,36.0,20.0,195.0,38.0,21.0,1403.0,60.0,22.0,29.0,11.0,14.0,28.0,233.0,18.0,24.0,48.0,13.0,0.0,0.0,41.0,32.0,22.0,33.0,28.0,21.0
DMII wo cmp nt st uncntr,174.0,50.0,478.0,23.0,1541.0,143.0,192.0,90.0,71.0,84.0,220.0,26.0,77.0,213.0,8775.0,146.0,7.0,572.0,45.0,187.0,34.0,27.0,108.0,70.0,257.0,123.0,14.0,113.0,97.0,167.0,114.0,40.0,159.0,797.0,311.0,202.0,39.0,79.0,69.0,780.0,112.0,32.0,104.0,50.0,0.0,0.0,234.0,98.0,140.0,127.0,104.0,74.0
Aortocoronary bypass,88.0,11.0,179.0,2.0,335.0,30.0,44.0,18.0,21.0,37.0,33.0,14.0,20.0,79.0,197.0,4222.0,38.0,211.0,67.0,86.0,4.0,12.0,34.0,20.0,45.0,27.0,1.0,12.0,63.0,64.0,30.0,33.0,43.0,195.0,127.0,48.0,4.0,29.0,42.0,204.0,34.0,5.0,26.0,26.0,0.0,0.0,80.0,21.0,175.0,107.0,16.0,10.0
Neuropathy in diabetes,28.0,14.0,73.0,1.0,114.0,28.0,31.0,11.0,10.0,54.0,44.0,28.0,9.0,58.0,8.0,41.0,4096.0,159.0,57.0,26.0,6.0,1.0,17.0,14.0,23.0,23.0,6.0,11.0,28.0,48.0,17.0,34.0,45.0,123.0,32.0,36.0,10.0,17.0,20.0,73.0,34.0,6.0,33.0,7.0,0.0,0.0,35.0,26.0,27.0,14.0,13.0,8.0
CHF NOS,156.0,338.0,208.0,88.0,529.0,319.0,307.0,249.0,62.0,315.0,566.0,164.0,120.0,230.0,260.0,161.0,75.0,18861.0,96.0,164.0,169.0,44.0,167.0,203.0,376.0,153.0,108.0,594.0,121.0,821.0,298.0,69.0,144.0,930.0,184.0,263.0,233.0,120.0,110.0,1199.0,96.0,496.0,139.0,118.0,0.0,0.0,174.0,258.0,136.0,183.0,410.0,303.0
Long-term use of insulin,64.0,9.0,122.0,1.0,141.0,19.0,18.0,18.0,23.0,29.0,21.0,15.0,11.0,49.0,534.0,65.0,209.0,86.0,5003.0,46.0,2.0,19.0,18.0,5.0,18.0,26.0,3.0,6.0,69.0,70.0,8.0,31.0,41.0,63.0,60.0,21.0,4.0,48.0,81.0,70.0,37.0,1.0,37.0,64.0,0.0,0.0,56.0,40.0,57.0,77.0,7.0,7.0
Hypothyroidism NOS,227.0,23.0,408.0,6.0,789.0,57.0,70.0,26.0,64.0,40.0,124.0,9.0,63.0,107.0,297.0,56.0,69.0,210.0,69.0,6061.0,21.0,18.0,64.0,36.0,88.0,51.0,10.0,42.0,51.0,55.0,49.0,46.0,66.0,195.0,240.0,80.0,18.0,43.0,103.0,290.0,98.0,11.0,41.0,26.0,0.0,0.0,164.0,42.0,50.0,85.0,45.0,35.0
NB obsrv suspct infect,148.0,14.0,96.0,5.0,484.0,48.0,39.0,22.0,47.0,21.0,51.0,0.0,58.0,11.0,150.0,70.0,17.0,61.0,34.0,93.0,549.0,22.0,25.0,20.0,20.0,27.0,18.0,46.0,54.0,41.0,33.0,17.0,17.0,93.0,203.0,38.0,2228.0,111.0,63.0,75.0,22.0,4.0,16.0,68.0,0.0,0.0,143.0,35.0,73.0,60.0,30.0,24.0
Hx-ven thrombosis/embols,109.0,3.0,121.0,3.0,156.0,16.0,29.0,9.0,14.0,7.0,20.0,1.0,17.0,14.0,52.0,31.0,8.0,41.0,30.0,78.0,3.0,3539.0,18.0,9.0,28.0,20.0,3.0,11.0,43.0,14.0,9.0,13.0,12.0,34.0,43.0,17.0,3.0,49.0,54.0,64.0,40.0,1.0,21.0,45.0,0.0,0.0,74.0,14.0,41.0,152.0,9.0,6.0
Chr pulmon heart dis NEC,58.0,22.0,92.0,1.0,144.0,34.0,22.0,15.0,21.0,9.0,33.0,14.0,30.0,43.0,80.0,28.0,10.0,265.0,23.0,49.0,3.0,11.0,3482.0,22.0,73.0,33.0,6.0,19.0,22.0,45.0,92.0,16.0,32.0,160.0,40.0,22.0,4.0,31.0,25.0,176.0,61.0,4.0,20.0,34.0,0.0,0.0,40.0,26.0,31.0,57.0,32.0,13.0
Pleural effusion NOS,44.0,28.0,45.0,66.0,104.0,117.0,91.0,45.0,8.0,40.0,146.0,31.0,11.0,21.0,31.0,11.0,5.0,142.0,12.0,27.0,35.0,15.0,10.0,2498.0,32.0,45.0,53.0,219.0,18.0,253.0,41.0,1.0,6.0,106.0,24.0,44.0,45.0,35.0,27.0,151.0,8.0,37.0,23.0,28.0,0.0,0.0,40.0,68.0,16.0,25.0,201.0,97.0
Chr airway obstruct NEC,84.0,45.0,126.0,23.0,266.0,95.0,85.0,41.0,14.0,61.0,172.0,27.0,38.0,94.0,125.0,48.0,19.0,620.0,33.0,70.0,35.0,17.0,41.0,64.0,5617.0,72.0,22.0,156.0,35.0,141.0,69.0,22.0,49.0,210.0,69.0,76.0,74.0,71.0,28.0,428.0,43.0,40.0,48.0,52.0,0.0,0.0,64.0,68.0,49.0,58.0,132.0,99.0
Thrombocytopenia NOS,66.0,35.0,63.0,24.0,162.0,141.0,153.0,54.0,22.0,36.0,117.0,21.0,34.0,76.0,54.0,20.0,10.0,232.0,19.0,57.0,25.0,10.0,35.0,54.0,62.0,3694.0,19.0,90.0,18.0,185.0,33.0,24.0,33.0,89.0,31.0,98.0,27.0,50.0,37.0,212.0,16.0,26.0,56.0,28.0,0.0,0.0,157.0,90.0,10.0,32.0,63.0,44.0
Septicemia NOS,139.0,11.0,118.0,30.0,330.0,58.0,54.0,23.0,37.0,27.0,68.0,18.0,36.0,29.0,129.0,60.0,15.0,110.0,78.0,85.0,108.0,39.0,40.0,28.0,32.0,52.0,4145.0,229.0,53.0,153.0,28.0,24.0,29.0,67.0,103.0,55.0,157.0,103.0,78.0,138.0,36.0,38.0,39.0,120.0,0.0,0.0,136.0,18.0,44.0,87.0,117.0,111.0
Acute respiratry failure,196.0,29.0,218.0,338.0,422.0,128.0,83.0,50.0,68.0,50.0,163.0,66.0,62.0,63.0,146.0,77.0,16.0,383.0,83.0,119.0,141.0,60.0,56.0,68.0,99.0,77.0,477.0,8572.0,70.0,390.0,67.0,39.0,28.0,109.0,149.0,220.0,204.0,151.0,126.0,238.0,67.0,178.0,54.0,166.0,0.0,0.0,225.0,58.0,80.0,129.0,488.0,487.0
Status-post ptca,79.0,2.0,135.0,0.0,168.0,6.0,22.0,1.0,10.0,3.0,7.0,1.0,8.0,29.0,82.0,214.0,17.0,46.0,37.0,35.0,2.0,23.0,9.0,7.0,29.0,7.0,1.0,2.0,3152.0,6.0,18.0,10.0,12.0,923.0,92.0,4.0,8.0,32.0,51.0,62.0,27.0,7.0,7.0,36.0,0.0,0.0,49.0,10.0,327.0,54.0,2.0,3.0
Acute kidney failure NOS,150.0,76.0,229.0,448.0,413.0,221.0,186.0,116.0,66.0,54.0,387.0,61.0,82.0,108.0,130.0,97.0,29.0,499.0,100.0,126.0,122.0,61.0,61.0,120.0,111.0,102.0,334.0,895.0,87.0,12334.0,97.0,68.0,54.0,199.0,143.0,177.0,171.0,139.0,135.0,359.0,61.0,353.0,70.0,171.0,0.0,0.0,209.0,135.0,48.0,155.0,512.0,350.0
Mitral valve disorder,61.0,55.0,82.0,3.0,189.0,41.0,45.0,7.0,22.0,34.0,53.0,12.0,25.0,44.0,67.0,25.0,16.0,393.0,19.0,59.0,60.0,13.0,43.0,31.0,76.0,35.0,3.0,41.0,28.0,77.0,2530.0,23.0,25.0,292.0,65.0,18.0,80.0,42.0,40.0,292.0,18.0,60.0,20.0,40.0,0.0,0.0,64.0,26.0,28.0,56.0,36.0,28.0
Anemia in chr kidney dis,48.0,5.0,78.0,2.0,15.0,21.0,13.0,4.0,12.0,61.0,16.0,38.0,21.0,80.0,60.0,29.0,54.0,105.0,40.0,51.0,1.0,8.0,22.0,2.0,25.0,46.0,1.0,7.0,12.0,13.0,14.0,4576.0,75.0,51.0,47.0,28.0,0.0,21.0,21.0,73.0,24.0,0.0,62.0,11.0,0.0,0.0,3.0,7.0,20.0,27.0,6.0,4.0
Hy kid NOS w cr kid I-IV,68.0,15.0,177.0,8.0,14.0,83.0,66.0,40.0,26.0,0.0,97.0,1.0,50.0,343.0,199.0,45.0,49.0,397.0,76.0,64.0,3.0,11.0,68.0,25.0,85.0,55.0,5.0,18.0,50.0,140.0,30.0,50.0,4171.0,208.0,52.0,79.0,5.0,20.0,32.0,271.0,45.0,6.0,76.0,20.0,0.0,0.0,58.0,39.0,55.0,68.0,18.0,11.0
Crnry athrscl natve vssl,332.0,90.0,457.0,15.0,1128.0,182.0,270.0,60.0,109.0,115.0,337.0,59.0,133.0,225.0,495.0,175.0,85.0,1125.0,159.0,219.0,283.0,67.0,125.0,131.0,297.0,153.0,29.0,125.0,171.0,301.0,242.0,92.0,146.0,11198.0,375.0,117.0,390.0,211.0,165.0,801.0,107.0,606.0,96.0,235.0,0.0,0.0,347.0,140.0,246.0,257.0,159.0,83.0
Pure hypercholesterolem,260.0,7.0,53.0,5.0,2329.0,47.0,58.0,12.0,49.0,29.0,58.0,5.0,37.0,76.0,467.0,82.0,55.0,151.0,49.0,202.0,18.0,9.0,42.0,28.0,78.0,37.0,9.0,23.0,46.0,34.0,58.0,33.0,87.0,470.0,4526.0,24.0,20.0,62.0,64.0,265.0,47.0,6.0,21.0,18.0,0.0,0.0,134.0,40.0,93.0,71.0,24.0,21.0
Severe sepsis,26.0,37.0,39.0,337.0,80.0,277.0,74.0,170.0,8.0,68.0,207.0,38.0,6.0,36.0,41.0,16.0,5.0,166.0,23.0,25.0,15.0,14.0,8.0,85.0,50.0,75.0,727.0,180.0,10.0,323.0,19.0,15.0,9.0,22.0,19.0,4764.0,21.0,28.0,16.0,111.0,10.0,38.0,36.0,25.0,0.0,0.0,28.0,127.0,11.0,21.0,99.0,88.0
Need prphyl vc vrl hepat,137.0,10.0,54.0,5.0,434.0,40.0,40.0,7.0,43.0,2.0,40.0,3.0,52.0,13.0,127.0,53.0,16.0,51.0,28.0,92.0,2906.0,18.0,19.0,22.0,18.0,21.0,18.0,23.0,45.0,25.0,20.0,15.0,16.0,68.0,166.0,24.0,705.0,84.0,71.0,78.0,9.0,3.0,12.0,56.0,0.0,0.0,100.0,16.0,47.0,50.0,29.0,29.0
Tobacco use disorder,196.0,8.0,279.0,5.0,517.0,56.0,58.0,23.0,74.0,8.0,53.0,3.0,39.0,17.0,133.0,21.0,16.0,91.0,41.0,87.0,15.0,19.0,39.0,32.0,133.0,50.0,7.0,45.0,35.0,36.0,25.0,19.0,12.0,171.0,205.0,45.0,15.0,3009.0,180.0,78.0,73.0,6.0,17.0,21.0,0.0,0.0,108.0,46.0,55.0,48.0,35.0,25.0
Depressive disorder NEC,294.0,6.0,315.0,4.0,450.0,66.0,43.0,20.0,107.0,10.0,55.0,6.0,47.0,49.0,130.0,25.0,26.0,85.0,48.0,214.0,9.0,17.0,33.0,15.0,54.0,48.0,6.0,44.0,20.0,43.0,25.0,58.0,32.0,75.0,144.0,43.0,21.0,108.0,5596.0,108.0,84.0,1.0,39.0,47.0,0.0,0.0,178.0,27.0,37.0,34.0,32.0,32.0
Atrial fibrillation,213.0,187.0,364.0,72.0,794.0,227.0,358.0,147.0,59.0,168.0,547.0,60.0,106.0,207.0,309.0,179.0,58.0,1938.0,68.0,169.0,170.0,54.0,132.0,263.0,389.0,186.0,61.0,323.0,126.0,447.0,334.0,37.0,116.0,1261.0,186.0,264.0,222.0,148.0,133.0,12493.0,95.0,208.0,105.0,128.0,0.0,0.0,197.0,169.0,138.0,207.0,266.0,203.0
Obstructive sleep apnea,133.0,6.0,195.0,3.0,285.0,33.0,34.0,14.0,67.0,9.0,33.0,4.0,25.0,56.0,126.0,21.0,37.0,149.0,48.0,68.0,5.0,18.0,62.0,16.0,113.0,30.0,1.0,30.0,31.0,33.0,23.0,30.0,34.0,68.0,81.0,26.0,5.0,35.0,56.0,107.0,4487.0,1.0,30.0,21.0,0.0,0.0,43.0,14.0,28.0,50.0,17.0,17.0
 initial,0.0,0.0,0.0,0.0,0.0,0.0,0.0,0.0,0.0,0.0,0.0,0.0,0.0,0.0,0.0,0.0,0.0,0.0,0.0,0.0,0.0,0.0,0.0,0.0,0.0,0.0,0.0,0.0,0.0,0.0,0.0,0.0,0.0,0.0,0.0,0.0,0.0,0.0,0.0,0.0,0.0,0.0,0.0,0.0,5335.0,0.0,0.0,0.0,0.0,0.0,0.0,0.0
Hyperpotassemia,47.0,27.0,48.0,7.0,76.0,141.0,56.0,33.0,16.0,101.0,73.0,40.0,30.0,77.0,41.0,12.0,21.0,181.0,26.0,34.0,12.0,7.0,22.0,24.0,35.0,57.0,9.0,47.0,15.0,195.0,12.0,49.0,37.0,46.0,30.0,45.0,9.0,23.0,28.0,113.0,22.0,15.0,4157.0,23.0,0.0,0.0,34.0,92.0,15.0,25.0,23.0,17.0
History of tobacco use,218.0,1.0,331.0,0.0,315.0,13.0,15.0,5.0,39.0,6.0,12.0,0.0,27.0,50.0,77.0,71.0,6.0,46.0,72.0,111.0,3.0,82.0,34.0,12.0,63.0,31.0,3.0,18.0,118.0,11.0,22.0,13.0,21.0,66.0,207.0,13.0,3.0,8.0,128.0,80.0,63.0,2.0,18.0,2589.0,0.0,0.0,116.0,9.0,115.0,115.0,5.0,8.0
Subendo infarct,82.0,8.0,105.0,60.0,278.0,28.0,39.0,13.0,32.0,19.0,48.0,23.0,29.0,24.0,110.0,66.0,15.0,133.0,42.0,66.0,133.0,20.0,20.0,15.0,23.0,28.0,65.0,139.0,54.0,102.0,29.0,30.0,24.0,118.0,99.0,29.0,179.0,95.0,62.0,102.0,22.0,2282.0,20.0,75.0,0.0,0.0,89.0,15.0,54.0,62.0,69.0,61.0
Pneumonia,120.0,20.0,104.0,153.0,229.0,71.0,70.0,41.0,36.0,44.0,140.0,54.0,45.0,33.0,89.0,42.0,16.0,280.0,45.0,82.0,87.0,43.0,21.0,76.0,69.0,58.0,306.0,623.0,42.0,300.0,46.0,20.0,21.0,93.0,102.0,58.0,131.0,89.0,81.0,180.0,26.0,132.0,48.0,92.0,0.0,0.0,127.0,38.0,33.0,91.0,5763.0,76.0
Anemia NOS,278.0,20.0,325.0,5.0,623.0,97.0,6.0,52.0,95.0,35.0,114.0,17.0,106.0,94.0,299.0,39.0,35.0,249.0,58.0,208.0,17.0,41.0,73.0,68.0,93.0,199.0,10.0,72.0,47.0,108.0,58.0,6.0,74.0,231.0,185.0,151.0,40.0,115.0,140.0,349.0,54.0,8.0,64.0,96.0,0.0,0.0,6318.0,88.0,58.0,82.0,58.0,37.0
Hyposmolality,30.0,44.0,40.0,65.0,105.0,202.0,125.0,28.0,13.0,59.0,269.0,35.0,22.0,21.0,27.0,9.0,7.0,114.0,26.0,24.0,24.0,13.0,22.0,92.0,31.0,57.0,33.0,174.0,17.0,442.0,21.0,12.0,5.0,43.0,35.0,39.0,48.0,41.0,32.0,114.0,17.0,42.0,37.0,40.0,0.0,0.0,48.0,3307.0,5.0,27.0,156.0,100.0
Old myocardial infarct,110.0,13.0,236.0,1.0,344.0,15.0,24.0,6.0,27.0,16.0,27.0,0.0,18.0,40.0,152.0,145.0,23.0,124.0,30.0,78.0,1.0,23.0,39.0,12.0,54.0,14.0,3.0,7.0,238.0,13.0,28.0,18.0,31.0,731.0,154.0,13.0,7.0,53.0,47.0,153.0,29.0,6.0,17.0,33.0,0.0,0.0,56.0,8.0,4268.0,47.0,11.0,2.0
Long-term use anticoagul,130.0,14.0,188.0,2.0,276.0,16.0,63.0,10.0,31.0,10.0,57.0,4.0,29.0,58.0,122.0,129.0,18.0,136.0,62.0,126.0,6.0,412.0,64.0,21.0,57.0,31.0,4.0,13.0,73.0,22.0,45.0,22.0,25.0,85.0,86.0,28.0,9.0,52.0,69.0,803.0,65.0,2.0,25.0,71.0,0.0,0.0,92.0,13.0,98.0,5229.0,14.0,8.0
 organism NOS,0.0,0.0,0.0,0.0,0.0,0.0,0.0,0.0,0.0,0.0,0.0,0.0,0.0,0.0,0.0,0.0,0.0,0.0,0.0,0.0,0.0,0.0,0.0,0.0,0.0,0.0,0.0,0.0,0.0,0.0,0.0,0.0,0.0,0.0,0.0,0.0,0.0,0.0,0.0,0.0,0.0,0.0,0.0,0.0,0.0,10586.0,0.0,0.0,0.0,0.0,0.0,0.0
Food/vomit pneumonitis,83.0,10.0,70.0,124.0,216.0,60.0,48.0,40.0,38.0,32.0,103.0,24.0,32.0,23.0,57.0,27.0,8.0,167.0,44.0,73.0,83.0,27.0,19.0,31.0,46.0,55.0,151.0,618.0,34.0,164.0,25.0,11.0,23.0,61.0,85.0,51.0,139.0,56.0,66.0,167.0,30.0,71.0,26.0,67.0,0.0,0.0,84.0,28.0,33.0,61.0,79.0,3535.0
